0 0.5048076923076923 0.4387019230769231 0.08413461538461539 0.03365384615384615
1 0.36177884615384615 0.5709134615384616 0.09134615384615384 0.038461538461538464
1 0.640625 0.5721153846153846 0.08413461538461539 0.038461538461538464
1 0.7788461538461539 0.36899038461538464 0.08173076923076923 0.04326923076923077
1 0.7680288461538461 0.5024038461538461 0.09134615384615384 0.038461538461538464
1 0.36778846153846156 0.5048076923076923 0.07692307692307693 0.03365384615384615
1 0.9026442307692307 0.7079326923076923 0.08413461538461539 0.038461538461538464
1 0.36778846153846156 0.4362980769230769 0.07692307692307693 0.036057692307692304
1 0.5024038461538461 0.36658653846153844 0.07211538461538461 0.03365384615384615
1 0.5072115384615384 0.29927884615384615 0.07692307692307693 0.038461538461538464
1 0.22716346153846154 0.5024038461538461 0.07692307692307693 0.038461538461538464
1 0.23677884615384615 0.6382211538461539 0.0673076923076923 0.040865384615384616
1 0.09495192307692307 0.7091346153846154 0.07451923076923077 0.03125
1 0.09014423076923077 0.4987980769230769 0.07211538461538461 0.038461538461538464