0 0.5612980769230769 0.6370192307692307 0.038461538461538464 0.08173076923076923
1 0.2920673076923077 0.9026442307692307 0.036057692307692304 0.08413461538461539
1 0.49759615384615385 0.9074519230769231 0.040865384615384616 0.08413461538461539
1 0.4987980769230769 0.7692307692307693 0.038461538461538464 0.07692307692307693
1 0.36538461538461536 0.7692307692307693 0.04807692307692308 0.08173076923076923
1 0.4254807692307692 0.640625 0.040865384615384616 0.07211538461538461
1 0.6334134615384616 0.7692307692307693 0.040865384615384616 0.08173076923076923
1 0.6322115384615384 0.5 0.03365384615384615 0.08653846153846154
1 0.5612980769230769 0.5072115384615384 0.03365384615384615 0.07692307692307693
1 0.7019230769230769 0.5072115384615384 0.038461538461538464 0.08173076923076923
1 0.5625 0.3701923076923077 0.03365384615384615 0.08653846153846154
1 0.49759615384615385 0.36899038461538464 0.04326923076923077 0.08173076923076923
1 0.43028846153846156 0.36658653846153844 0.040865384615384616 0.07451923076923077
1 0.36177884615384615 0.23677884615384615 0.04807692307692308 0.06971153846153846
1 0.49759615384615385 0.23076923076923078 0.04567307692307692 0.07451923076923077
1 0.49759615384615385 0.09254807692307693 0.04807692307692308 0.09375
1 0.2920673076923077 0.09735576923076923 0.03125 0.08653846153846154
0 0.2920673076923077 0.5072115384615384 0.03365384615384615 0.09134615384615384
0 0.6995192307692307 0.9038461538461539 0.03365384615384615 0.08173076923076923