1 0.7692307692307693 0.36658653846153844 0.07692307692307693 0.04807692307692308
1 0.7764423076923077 0.49759615384615385 0.07692307692307693 0.04326923076923077
1 0.7728365384615384 0.6310096153846154 0.08173076923076923 0.038461538461538464
1 0.6346153846153846 0.43149038461538464 0.08173076923076923 0.04807692307692308
1 0.640625 0.49399038461538464 0.08173076923076923 0.04326923076923077
1 0.5048076923076923 0.6322115384615384 0.08653846153846154 0.040865384615384616
1 0.5096153846153846 0.6983173076923077 0.09615384615384616 0.040865384615384616
1 0.3701923076923077 0.5637019230769231 0.08173076923076923 0.04326923076923077
1 0.36899038461538464 0.49759615384615385 0.08173076923076923 0.038461538461538464
1 0.23677884615384615 0.36177884615384615 0.08653846153846154 0.040865384615384616
1 0.09615384615384616 0.29447115384615385 0.0673076923076923 0.040865384615384616
1 0.09134615384615384 0.49759615384615385 0.07451923076923077 0.04807692307692308
0 0.5072115384615384 0.5637019230769231 0.08653846153846154 0.038461538461538464
1 0.9086538461538461 0.4951923076923077 0.06971153846153846 0.038461538461538464
1 0.9038461538461539 0.29086538461538464 0.09134615384615384 0.038461538461538464