0 0.3629807692307692 0.5612980769230769 0.08173076923076923 0.038461538461538464
1 0.09735576923076923 0.2920673076923077 0.08413461538461539 0.03365384615384615
1 0.09254807692307693 0.49759615384615385 0.08413461538461539 0.040865384615384616
1 0.23076923076923078 0.4987980769230769 0.07692307692307693 0.038461538461538464
1 0.23076923076923078 0.36538461538461536 0.08173076923076923 0.04807692307692308
1 0.359375 0.4254807692307692 0.07211538461538461 0.040865384615384616
1 0.23076923076923078 0.6334134615384616 0.08173076923076923 0.040865384615384616
1 0.5 0.6322115384615384 0.08653846153846154 0.03365384615384615
1 0.49278846153846156 0.5612980769230769 0.07692307692307693 0.03365384615384615
1 0.49278846153846156 0.7019230769230769 0.08173076923076923 0.038461538461538464
1 0.6298076923076923 0.5625 0.08653846153846154 0.03365384615384615
1 0.6310096153846154 0.49759615384615385 0.08173076923076923 0.04326923076923077
1 0.6334134615384616 0.43028846153846156 0.07451923076923077 0.040865384615384616
1 0.7632211538461539 0.36177884615384615 0.06971153846153846 0.04807692307692308
1 0.7692307692307693 0.49759615384615385 0.07451923076923077 0.04567307692307692
1 0.9074519230769231 0.49759615384615385 0.09375 0.04807692307692308
1 0.9026442307692307 0.2920673076923077 0.08653846153846154 0.03125
0 0.49278846153846156 0.2920673076923077 0.09134615384615384 0.03365384615384615
0 0.09615384615384616 0.6995192307692307 0.08173076923076923 0.03365384615384615