1 0.36658653846153844 0.23076923076923078 0.05048076923076923 0.07692307692307693
1 0.49759615384615385 0.22355769230769232 0.04326923076923077 0.07692307692307693
1 0.6310096153846154 0.22716346153846154 0.038461538461538464 0.08173076923076923
1 0.43149038461538464 0.36538461538461536 0.04807692307692308 0.08173076923076923
1 0.49399038461538464 0.359375 0.04326923076923077 0.08173076923076923
1 0.6322115384615384 0.4951923076923077 0.040865384615384616 0.08653846153846154
1 0.6983173076923077 0.49038461538461536 0.040865384615384616 0.09615384615384616
1 0.5637019230769231 0.6298076923076923 0.04326923076923077 0.08173076923076923
1 0.49759615384615385 0.6310096153846154 0.038461538461538464 0.08173076923076923
1 0.36177884615384615 0.7632211538461539 0.040865384615384616 0.08653846153846154
1 0.29447115384615385 0.9038461538461539 0.040865384615384616 0.0673076923076923
1 0.49759615384615385 0.9086538461538461 0.04807692307692308 0.07451923076923077
0 0.5637019230769231 0.49278846153846156 0.038461538461538464 0.08653846153846154
1 0.4951923076923077 0.09134615384615384 0.038461538461538464 0.06971153846153846
1 0.29086538461538464 0.09615384615384616 0.038461538461538464 0.09134615384615384