1 0.5024038461538461 0.7668269230769231 0.03365384615384615 0.0625
1 0.5024038461538461 0.9038461538461539 0.038461538461538464 0.07451923076923077
1 0.5721153846153846 0.6310096153846154 0.03365384615384615 0.07451923076923077
1 0.5 0.6274038461538461 0.036057692307692304 0.07211538461538461
1 0.4375 0.6346153846153846 0.03365384615384615 0.07692307692307693
1 0.5 0.23197115384615385 0.040865384615384616 0.07692307692307693
1 0.7079326923076923 0.08533653846153846 0.038461538461538464 0.06490384615384616
1 0.6418269230769231 0.4987980769230769 0.03365384615384615 0.07692307692307693
1 0.5036057692307693 0.09495192307692307 0.03125 0.07692307692307693
1 0.4375 0.4987980769230769 0.03365384615384615 0.08653846153846154
1 0.36778846153846156 0.49399038461538464 0.03125 0.0673076923076923
1 0.3004807692307692 0.49278846153846156 0.036057692307692304 0.08173076923076923
0 0.6394230769230769 0.22355769230769232 0.038461538461538464 0.07692307692307693
0 0.5697115384615384 0.4951923076923077 0.040865384615384616 0.08653846153846154
0 0.3557692307692308 0.7680288461538461 0.057692307692307696 0.10336538461538461
1 0.6394230769230769 0.7692307692307693 0.03365384615384615 0.07692307692307693
1 0.7079326923076923 0.9038461538461539 0.03365384615384615 0.0625
1 0.5697115384615384 0.3629807692307692 0.03365384615384615 0.07451923076923077
1 0.36778846153846156 0.2283653846153846 0.028846153846153848 0.07692307692307693