1 0.3016826923076923 0.09495192307692307 0.040865384615384616 0.07692307692307693
1 0.3713942307692308 0.22956730769230768 0.038461538461538464 0.09134615384615384
1 0.5012019230769231 0.23076923076923078 0.038461538461538464 0.07692307692307693
1 0.5721153846153846 0.36177884615384615 0.04326923076923077 0.07692307692307693
1 0.36658653846153844 0.4987980769230769 0.038461538461538464 0.06971153846153846
1 0.2980769230769231 0.49399038461538464 0.03365384615384615 0.07692307692307693
1 0.4375 0.6322115384615384 0.038461538461538464 0.09134615384615384
1 0.5048076923076923 0.6286057692307693 0.038461538461538464 0.08173076923076923
1 0.6394230769230769 0.7692307692307693 0.038461538461538464 0.0673076923076923
1 0.7055288461538461 0.9038461538461539 0.03365384615384615 0.07692307692307693
0 0.6394230769230769 0.22716346153846154 0.038461538461538464 0.07692307692307693
0 0.4375 0.49759615384615385 0.04326923076923077 0.07451923076923077
1 0.7055288461538461 0.10096153846153846 0.036057692307692304 0.07692307692307693
1 0.5036057692307693 0.09254807692307693 0.038461538461538464 0.06971153846153846