1 0.6382211538461539 0.7548076923076923 0.038461538461538464 0.07692307692307693
1 0.7079326923076923 0.09134615384615384 0.036057692307692304 0.07692307692307693
1 0.5048076923076923 0.09495192307692307 0.038461538461538464 0.0673076923076923
1 0.5012019230769231 0.22716346153846154 0.038461538461538464 0.07692307692307693
1 0.36778846153846156 0.22716346153846154 0.03365384615384615 0.07692307692307693
1 0.36658653846153844 0.4987980769230769 0.036057692307692304 0.08173076923076923
1 0.29927884615384615 0.49278846153846156 0.03365384615384615 0.06971153846153846
1 0.4375 0.5012019230769231 0.038461538461538464 0.08173076923076923
1 0.5697115384615384 0.3629807692307692 0.038461538461538464 0.07211538461538461
1 0.6382211538461539 0.4951923076923077 0.036057692307692304 0.08173076923076923
1 0.7079326923076923 0.9038461538461539 0.03365384615384615 0.06490384615384616
1 0.5697115384615384 0.6310096153846154 0.03365384615384615 0.0673076923076923
1 0.5024038461538461 0.6310096153846154 0.03365384615384615 0.07692307692307693
1 0.4375 0.6370192307692307 0.038461538461538464 0.08173076923076923
1 0.5024038461538461 0.7692307692307693 0.036057692307692304 0.07692307692307693
1 0.5036057692307693 0.9038461538461539 0.040865384615384616 0.07451923076923077
1 0.36177884615384615 0.7680288461538461 0.038461538461538464 0.0673076923076923
0 0.6418269230769231 0.23076923076923078 0.038461538461538464 0.08413461538461539
0 0.5697115384615384 0.5 0.040865384615384616 0.08653846153846154