0 0.5612980769230769 0.5048076923076923 0.03365384615384615 0.08413461538461539
1 0.42908653846153844 0.36177884615384615 0.038461538461538464 0.09134615384615384
1 0.42788461538461536 0.640625 0.038461538461538464 0.08413461538461539
1 0.6310096153846154 0.7788461538461539 0.04326923076923077 0.08173076923076923
1 0.49759615384615385 0.7680288461538461 0.038461538461538464 0.09134615384615384
1 0.4951923076923077 0.36778846153846156 0.03365384615384615 0.07692307692307693
1 0.2920673076923077 0.9026442307692307 0.038461538461538464 0.08413461538461539
1 0.5637019230769231 0.36778846153846156 0.036057692307692304 0.07692307692307693
1 0.6334134615384616 0.5024038461538461 0.03365384615384615 0.07211538461538461
1 0.7007211538461539 0.5072115384615384 0.038461538461538464 0.07692307692307693
1 0.49759615384615385 0.22716346153846154 0.038461538461538464 0.07692307692307693
1 0.36177884615384615 0.23677884615384615 0.040865384615384616 0.0673076923076923
1 0.29086538461538464 0.09495192307692307 0.03125 0.07451923076923077
1 0.5012019230769231 0.09014423076923077 0.038461538461538464 0.07211538461538461