1 0.7692307692307693 0.6334134615384616 0.07692307692307693 0.04807692307692308
1 0.7764423076923077 0.5024038461538461 0.07692307692307693 0.04326923076923077
1 0.7728365384615384 0.36899038461538464 0.08173076923076923 0.038461538461538464
1 0.6346153846153846 0.5685096153846154 0.08173076923076923 0.04807692307692308
1 0.640625 0.5060096153846154 0.08173076923076923 0.04326923076923077
1 0.5048076923076923 0.36778846153846156 0.08653846153846154 0.040865384615384616
1 0.5096153846153846 0.3016826923076923 0.09615384615384616 0.040865384615384616
1 0.3701923076923077 0.4362980769230769 0.08173076923076923 0.04326923076923077
1 0.36899038461538464 0.5024038461538461 0.08173076923076923 0.038461538461538464
1 0.23677884615384615 0.6382211538461539 0.08653846153846154 0.040865384615384616
1 0.09615384615384616 0.7055288461538461 0.0673076923076923 0.040865384615384616
1 0.09134615384615384 0.5024038461538461 0.07451923076923077 0.04807692307692308
0 0.5072115384615384 0.4362980769230769 0.08653846153846154 0.038461538461538464
1 0.9086538461538461 0.5048076923076923 0.06971153846153846 0.038461538461538464
1 0.9038461538461539 0.7091346153846154 0.09134615384615384 0.038461538461538464