0 0.2980769230769231 0.49759615384615385 0.04807692307692308 0.11538461538461539
1 0.5 0.9026442307692307 0.04807692307692308 0.08653846153846154
1 0.2956730769230769 0.9050480769230769 0.04326923076923077 0.052884615384615384
1 0.3605769230769231 0.7596153846153846 0.04326923076923077 0.08173076923076923
0 0.6394230769230769 0.7692307692307693 0.052884615384615384 0.10096153846153846
1 0.5012019230769231 0.234375 0.04807692307692308 0.08173076923076923
1 0.6322115384615384 0.22716346153846154 0.04326923076923077 0.09134615384615384
1 0.4326923076923077 0.36658653846153844 0.04807692307692308 0.08173076923076923
1 0.4326923076923077 0.4987980769230769 0.04567307692307692 0.08413461538461539
1 0.43149038461538464 0.6286057692307693 0.038461538461538464 0.06971153846153846
1 0.5 0.6274038461538461 0.036057692307692304 0.08173076923076923
1 0.5625 0.6274038461538461 0.052884615384615384 0.07692307692307693
1 0.5600961538461539 0.49158653846153844 0.038461538461538464 0.08173076923076923
1 0.6322115384615384 0.4963942307692308 0.04326923076923077 0.07451923076923077
1 0.7007211538461539 0.4951923076923077 0.04567307692307692 0.07692307692307693
1 0.5012019230769231 0.7692307692307693 0.04567307692307692 0.08653846153846154
1 0.2932692307692308 0.09735576923076923 0.040865384615384616 0.07692307692307693
1 0.5 0.09615384615384616 0.04326923076923077 0.08413461538461539
0 0.359375 0.22956730769230768 0.03365384615384615 0.08173076923076923
0 0.359375 0.49038461538461536 0.038461538461538464 0.08173076923076923