1 0.36778846153846156 0.49399038461538464 0.04326923076923077 0.07692307692307693
1 0.4362980769230769 0.49399038461538464 0.04326923076923077 0.07692307692307693
1 0.5036057692307693 0.6298076923076923 0.038461538461538464 0.07211538461538461
1 0.5721153846153846 0.6286057692307693 0.038461538461538464 0.057692307692307696
1 0.5685096153846154 0.3629807692307692 0.040865384615384616 0.07451923076923077
0 0.3004807692307692 0.0985576923076923 0.038461538461538464 0.08653846153846154
0 0.35697115384615385 0.7680288461538461 0.05048076923076923 0.09615384615384616
0 0.5697115384615384 0.49759615384615385 0.040865384615384616 0.07692307692307693
0 0.6382211538461539 0.4951923076923077 0.038461538461538464 0.07692307692307693
1 0.7091346153846154 0.0889423076923077 0.040865384615384616 0.08653846153846154
1 0.36658653846153844 0.23076923076923078 0.038461538461538464 0.08413461538461539
1 0.4987980769230769 0.23197115384615385 0.040865384615384616 0.07692307692307693
1 0.5024038461538461 0.09375 0.03365384615384615 0.0673076923076923
1 0.640625 0.22596153846153846 0.04326923076923077 0.07692307692307693
1 0.5012019230769231 0.90625 0.04326923076923077 0.07211538461538461
1 0.7067307692307693 0.9050480769230769 0.040865384615384616 0.06971153846153846
1 0.6370192307692307 0.7632211538461539 0.04326923076923077 0.07692307692307693
1 0.5024038461538461 0.7632211538461539 0.04326923076923077 0.08413461538461539
1 0.4362980769230769 0.6298076923076923 0.038461538461538464 0.07211538461538461
1 0.3004807692307692 0.49759615384615385 0.03365384615384615 0.0673076923076923