1 0.9098557692307693 0.7055288461538461 0.08173076923076923 0.038461538461538464
1 0.09975961538461539 0.5048076923076923 0.08173076923076923 0.04807692307692308
1 0.90625 0.5024038461538461 0.06971153846153846 0.036057692307692304
1 0.7680288461538461 0.5036057692307693 0.08173076923076923 0.04326923076923077
1 0.7716346153846154 0.36778846153846156 0.07692307692307693 0.038461538461538464
1 0.640625 0.5733173076923077 0.0673076923076923 0.040865384615384616
1 0.36658653846153844 0.5709134615384616 0.07692307692307693 0.040865384615384616
1 0.36778846153846156 0.5024038461538461 0.08653846153846154 0.03365384615384615
1 0.5012019230769231 0.4375 0.08413461538461539 0.038461538461538464
1 0.5048076923076923 0.36899038461538464 0.0673076923076923 0.04326923076923077
1 0.5024038461538461 0.29927884615384615 0.08173076923076923 0.038461538461538464
1 0.37259615384615385 0.4362980769230769 0.07211538461538461 0.040865384615384616
1 0.234375 0.5024038461538461 0.08653846153846154 0.040865384615384616
1 0.23677884615384615 0.6394230769230769 0.07692307692307693 0.038461538461538464
1 0.10817307692307693 0.7067307692307693 0.11057692307692307 0.038461538461538464