1 0.7548076923076923 0.36177884615384615 0.07692307692307693 0.038461538461538464
1 0.09134615384615384 0.2920673076923077 0.07692307692307693 0.036057692307692304
1 0.09495192307692307 0.4951923076923077 0.0673076923076923 0.038461538461538464
1 0.22716346153846154 0.4987980769230769 0.07692307692307693 0.038461538461538464
1 0.22716346153846154 0.6322115384615384 0.07692307692307693 0.03365384615384615
1 0.4987980769230769 0.6334134615384616 0.08173076923076923 0.036057692307692304
1 0.49278846153846156 0.7007211538461539 0.06971153846153846 0.03365384615384615
1 0.5012019230769231 0.5625 0.08173076923076923 0.038461538461538464
1 0.3629807692307692 0.43028846153846156 0.07211538461538461 0.038461538461538464
1 0.4951923076923077 0.36177884615384615 0.08173076923076923 0.036057692307692304
1 0.9038461538461539 0.2920673076923077 0.06490384615384616 0.03365384615384615
1 0.6310096153846154 0.43028846153846156 0.0673076923076923 0.03365384615384615
1 0.6310096153846154 0.49759615384615385 0.07692307692307693 0.03365384615384615
1 0.6370192307692307 0.5625 0.08173076923076923 0.038461538461538464
1 0.7692307692307693 0.49759615384615385 0.07692307692307693 0.036057692307692304
1 0.9038461538461539 0.4963942307692308 0.07451923076923077 0.040865384615384616
1 0.7680288461538461 0.6382211538461539 0.0673076923076923 0.038461538461538464
0 0.23076923076923078 0.3581730769230769 0.08413461538461539 0.038461538461538464
0 0.5 0.43028846153846156 0.08653846153846154 0.040865384615384616