1 0.5024038461538461 0.22956730769230768 0.038461538461538464 0.09134615384615384
1 0.5024038461538461 0.7632211538461539 0.038461538461538464 0.08173076923076923
1 0.5024038461538461 0.6298076923076923 0.03365384615384615 0.08173076923076923
1 0.5721153846153846 0.6274038461538461 0.03365384615384615 0.08173076923076923
0 0.43990384615384615 0.36177884615384615 0.03365384615384615 0.08173076923076923
0 0.4362980769230769 0.49278846153846156 0.038461538461538464 0.08173076923076923
0 0.5685096153846154 0.4951923076923077 0.04326923076923077 0.0673076923076923
1 0.6382211538461539 0.7668269230769231 0.036057692307692304 0.08173076923076923
1 0.7079326923076923 0.9014423076923077 0.038461538461538464 0.08173076923076923
1 0.5697115384615384 0.36177884615384615 0.04326923076923077 0.08173076923076923
1 0.4375 0.6310096153846154 0.03365384615384615 0.07692307692307693
1 0.3004807692307692 0.49399038461538464 0.040865384615384616 0.08413461538461539
1 0.36778846153846156 0.4951923076923077 0.038461538461538464 0.07692307692307693
1 0.36778846153846156 0.22716346153846154 0.03365384615384615 0.09134615384615384
1 0.640625 0.22716346153846154 0.038461538461538464 0.07692307692307693
1 0.7055288461538461 0.09134615384615384 0.038461538461538464 0.07451923076923077