1 0.5 0.6310096153846154 0.07692307692307693 0.038461538461538464
1 0.90625 0.29447115384615385 0.06971153846153846 0.038461538461538464
1 0.9086538461538461 0.4963942307692308 0.06490384615384616 0.04326923076923077
1 0.9038461538461539 0.7007211538461539 0.06490384615384616 0.036057692307692304
1 0.7716346153846154 0.4951923076923077 0.06971153846153846 0.038461538461538464
1 0.7740384615384616 0.6298076923076923 0.08653846153846154 0.040865384615384616
1 0.6322115384615384 0.43149038461538464 0.08173076923076923 0.04326923076923077
1 0.6418269230769231 0.49759615384615385 0.08173076923076923 0.04326923076923077
1 0.5048076923076923 0.5625 0.07692307692307693 0.038461538461538464
1 0.5024038461538461 0.7007211538461539 0.06971153846153846 0.038461538461538464
1 0.36177884615384615 0.43149038461538464 0.08653846153846154 0.038461538461538464
1 0.37259615384615385 0.49759615384615385 0.08173076923076923 0.038461538461538464
1 0.36899038461538464 0.5637019230769231 0.07692307692307693 0.04326923076923077
1 0.23197115384615385 0.49759615384615385 0.08173076923076923 0.04326923076923077
1 0.23798076923076922 0.3605769230769231 0.07451923076923077 0.04807692307692308
1 0.09735576923076923 0.2956730769230769 0.07692307692307693 0.038461538461538464
1 0.09615384615384616 0.49759615384615385 0.0673076923076923 0.038461538461538464
0 0.7668269230769231 0.36177884615384615 0.09375 0.04326923076923077
0 0.5024038461538461 0.36177884615384615 0.07692307692307693 0.03365384615384615
0 0.5048076923076923 0.43028846153846156 0.07692307692307693 0.038461538461538464
0 0.23557692307692307 0.6382211538461539 0.07692307692307693 0.04326923076923077