1 0.7704326923076923 0.4963942307692308 0.06971153846153846 0.036057692307692304
1 0.7728365384615384 0.6346153846153846 0.07692307692307693 0.038461538461538464
1 0.6382211538461539 0.43028846153846156 0.07692307692307693 0.04326923076923077
1 0.5048076923076923 0.3605769230769231 0.07211538461538461 0.038461538461538464
1 0.2403846153846154 0.3629807692307692 0.08173076923076923 0.038461538461538464
1 0.09495192307692307 0.29447115384615385 0.06971153846153846 0.04326923076923077
1 0.09375 0.5 0.08173076923076923 0.038461538461538464
1 0.2283653846153846 0.49759615384615385 0.08173076923076923 0.04326923076923077
1 0.36899038461538464 0.43028846153846156 0.08173076923076923 0.038461538461538464
1 0.36778846153846156 0.5 0.08173076923076923 0.04326923076923077
1 0.36899038461538464 0.5673076923076923 0.08413461538461539 0.04326923076923077
1 0.5072115384615384 0.5625 0.09134615384615384 0.04807692307692308
1 0.5048076923076923 0.6298076923076923 0.07692307692307693 0.040865384615384616
1 0.5048076923076923 0.6995192307692307 0.08173076923076923 0.038461538461538464
1 0.23677884615384615 0.640625 0.08173076923076923 0.038461538461538464
1 0.9050480769230769 0.4987980769230769 0.07451923076923077 0.040865384615384616
1 0.90625 0.29086538461538464 0.08413461538461539 0.036057692307692304
0 0.5072115384615384 0.29447115384615385 0.08173076923076923 0.03365384615384615
0 0.4963942307692308 0.43028846153846156 0.09134615384615384 0.038461538461538464
0 0.7740384615384616 0.359375 0.07451923076923077 0.03365384615384615
1 0.9038461538461539 0.6983173076923077 0.07211538461538461 0.040865384615384616