1 0.4963942307692308 0.22956730769230768 0.036057692307692304 0.06971153846153846
1 0.6346153846153846 0.22716346153846154 0.038461538461538464 0.07692307692307693
1 0.43028846153846156 0.36177884615384615 0.04326923076923077 0.07692307692307693
1 0.3605769230769231 0.4951923076923077 0.038461538461538464 0.07211538461538461
1 0.3629807692307692 0.7596153846153846 0.038461538461538464 0.08173076923076923
1 0.29447115384615385 0.9050480769230769 0.04326923076923077 0.06971153846153846
1 0.5 0.90625 0.038461538461538464 0.08173076923076923
1 0.49759615384615385 0.7716346153846154 0.04326923076923077 0.08173076923076923
1 0.43028846153846156 0.6310096153846154 0.038461538461538464 0.08173076923076923
1 0.5 0.6322115384615384 0.04326923076923077 0.08173076923076923
1 0.5673076923076923 0.6310096153846154 0.04326923076923077 0.08413461538461539
1 0.5625 0.49278846153846156 0.04807692307692308 0.09134615384615384
1 0.6298076923076923 0.4951923076923077 0.040865384615384616 0.07692307692307693
1 0.6995192307692307 0.4951923076923077 0.038461538461538464 0.08173076923076923
1 0.640625 0.7632211538461539 0.038461538461538464 0.08173076923076923
1 0.4987980769230769 0.09495192307692307 0.040865384615384616 0.07451923076923077
1 0.29086538461538464 0.09375 0.036057692307692304 0.08413461538461539
0 0.29447115384615385 0.49278846153846156 0.03365384615384615 0.08173076923076923
0 0.43028846153846156 0.5036057692307693 0.038461538461538464 0.09134615384615384
0 0.359375 0.22596153846153846 0.03365384615384615 0.07451923076923077
1 0.6983173076923077 0.09615384615384616 0.038461538461538464 0.07211538461538461