1 0.36778846153846156 0.7740384615384616 0.03365384615384615 0.07692307692307693
1 0.4375 0.6358173076923077 0.038461538461538464 0.07692307692307693
1 0.36658653846153844 0.5012019230769231 0.038461538461538464 0.07692307692307693
1 0.29927884615384615 0.5048076923076923 0.03365384615384615 0.07692307692307693
1 0.5024038461538461 0.36778846153846156 0.036057692307692304 0.08173076923076923
1 0.5733173076923077 0.37259615384615385 0.038461538461538464 0.08173076923076923
1 0.640625 0.23317307692307693 0.036057692307692304 0.07692307692307693
1 0.7091346153846154 0.09495192307692307 0.03365384615384615 0.06971153846153846
0 0.5012019230769231 0.23197115384615385 0.04567307692307692 0.10096153846153846
1 0.6394230769230769 0.7704326923076923 0.03365384615384615 0.08653846153846154
1 0.5012019230769231 0.6358173076923077 0.038461538461538464 0.08653846153846154