1 0.5 0.23197115384615385 0.038461538461538464 0.07692307692307693
1 0.640625 0.22716346153846154 0.038461538461538464 0.0673076923076923
1 0.5697115384615384 0.36778846153846156 0.040865384615384616 0.08173076923076923
1 0.4387019230769231 0.36899038461538464 0.03365384615384615 0.09615384615384616
1 0.36778846153846156 0.23197115384615385 0.038461538461538464 0.08173076923076923
1 0.4362980769230769 0.4987980769230769 0.038461538461538464 0.09134615384615384
1 0.36778846153846156 0.4891826923076923 0.038461538461538464 0.07692307692307693
1 0.2980769230769231 0.4891826923076923 0.038461538461538464 0.09134615384615384
1 0.5733173076923077 0.6310096153846154 0.038461538461538464 0.08173076923076923
1 0.5024038461538461 0.6322115384615384 0.03365384615384615 0.06971153846153846
1 0.4362980769230769 0.6286057692307693 0.03365384615384615 0.08173076923076923
1 0.5048076923076923 0.7728365384615384 0.04567307692307692 0.06490384615384616
1 0.6394230769230769 0.7680288461538461 0.038461538461538464 0.07692307692307693
1 0.7079326923076923 0.9038461538461539 0.038461538461538464 0.06971153846153846
1 0.5024038461538461 0.9026442307692307 0.038461538461538464 0.07451923076923077
0 0.5661057692307693 0.4951923076923077 0.04326923076923077 0.07692307692307693
0 0.5024038461538461 0.359375 0.038461538461538464 0.07692307692307693
1 0.7079326923076923 0.09735576923076923 0.038461538461538464 0.08173076923076923
1 0.5024038461538461 0.09735576923076923 0.04326923076923077 0.07692307692307693