0 0.5024038461538461 0.2980769230769231 0.11538461538461539 0.04807692307692308
1 0.09735576923076923 0.5 0.08653846153846154 0.04807692307692308
1 0.09495192307692307 0.2956730769230769 0.052884615384615384 0.04326923076923077
1 0.2403846153846154 0.3605769230769231 0.08173076923076923 0.04326923076923077
0 0.23076923076923078 0.6394230769230769 0.10096153846153846 0.052884615384615384
1 0.765625 0.5012019230769231 0.08173076923076923 0.04807692307692308
1 0.7728365384615384 0.6322115384615384 0.09134615384615384 0.04326923076923077
1 0.6334134615384616 0.4326923076923077 0.08173076923076923 0.04807692307692308
1 0.5012019230769231 0.4326923076923077 0.08413461538461539 0.04567307692307692
1 0.3713942307692308 0.43149038461538464 0.06971153846153846 0.038461538461538464
1 0.37259615384615385 0.5 0.08173076923076923 0.036057692307692304
1 0.37259615384615385 0.5625 0.07692307692307693 0.052884615384615384
1 0.5084134615384616 0.5600961538461539 0.08173076923076923 0.038461538461538464
1 0.5036057692307693 0.6322115384615384 0.07451923076923077 0.04326923076923077
1 0.5048076923076923 0.7007211538461539 0.07692307692307693 0.04567307692307692
1 0.23076923076923078 0.5012019230769231 0.08653846153846154 0.04567307692307692
1 0.9026442307692307 0.2932692307692308 0.07692307692307693 0.040865384615384616
1 0.9038461538461539 0.5 0.08413461538461539 0.04326923076923077
0 0.7704326923076923 0.359375 0.08173076923076923 0.03365384615384615
0 0.5096153846153846 0.359375 0.08173076923076923 0.038461538461538464