0 0.5036057692307693 0.5721153846153846 0.09134615384615384 0.036057692307692304
1 0.9026442307692307 0.7115384615384616 0.08413461538461539 0.03365384615384615
1 0.7764423076923077 0.6382211538461539 0.09134615384615384 0.040865384615384616
1 0.90625 0.5 0.08173076923076923 0.04807692307692308
1 0.7728365384615384 0.5024038461538461 0.07451923076923077 0.038461538461538464
1 0.9026442307692307 0.3004807692307692 0.07692307692307693 0.038461538461538464
1 0.7728365384615384 0.3641826923076923 0.08173076923076923 0.04326923076923077
1 0.6346153846153846 0.5685096153846154 0.06971153846153846 0.04326923076923077
1 0.5072115384615384 0.4362980769230769 0.07692307692307693 0.038461538461538464
1 0.5 0.36899038461538464 0.08413461538461539 0.04326923076923077
1 0.5048076923076923 0.296875 0.09615384615384616 0.038461538461538464
1 0.3641826923076923 0.4375 0.08413461538461539 0.038461538461538464
1 0.37259615384615385 0.5024038461538461 0.07211538461538461 0.040865384615384616
1 0.37259615384615385 0.5697115384615384 0.09375 0.04326923076923077
1 0.22956730769230768 0.5024038461538461 0.08173076923076923 0.03365384615384615
1 0.23197115384615385 0.6394230769230769 0.08173076923076923 0.038461538461538464
1 0.09495192307692307 0.7067307692307693 0.07211538461538461 0.03365384615384615
1 0.09134615384615384 0.5 0.07692307692307693 0.038461538461538464
0 0.5048076923076923 0.7043269230769231 0.08653846153846154 0.040865384615384616