1 0.49399038461538464 0.6322115384615384 0.07692307692307693 0.04326923076923077
1 0.49399038461538464 0.5637019230769231 0.07692307692307693 0.04326923076923077
1 0.6298076923076923 0.4963942307692308 0.07211538461538461 0.038461538461538464
1 0.6286057692307693 0.42788461538461536 0.057692307692307696 0.038461538461538464
1 0.3629807692307692 0.43149038461538464 0.07451923076923077 0.040865384615384616
0 0.0985576923076923 0.6995192307692307 0.08653846153846154 0.038461538461538464
0 0.7680288461538461 0.6430288461538461 0.09615384615384616 0.04807692307692308
0 0.49759615384615385 0.43028846153846156 0.07692307692307693 0.040865384615384616
0 0.4951923076923077 0.36177884615384615 0.07692307692307693 0.038461538461538464
1 0.0889423076923077 0.29086538461538464 0.08653846153846154 0.040865384615384616
1 0.23076923076923078 0.6334134615384616 0.08413461538461539 0.038461538461538464
1 0.23197115384615385 0.5012019230769231 0.07692307692307693 0.038461538461538464
1 0.09375 0.49759615384615385 0.0673076923076923 0.03365384615384615
1 0.22596153846153846 0.359375 0.07692307692307693 0.04326923076923077
1 0.90625 0.4987980769230769 0.07211538461538461 0.04326923076923077
1 0.9050480769230769 0.2932692307692308 0.06971153846153846 0.040865384615384616
1 0.7632211538461539 0.3629807692307692 0.07692307692307693 0.04326923076923077
1 0.7632211538461539 0.49759615384615385 0.08413461538461539 0.04326923076923077
1 0.6298076923076923 0.5637019230769231 0.07211538461538461 0.038461538461538464
1 0.49759615384615385 0.6995192307692307 0.0673076923076923 0.03365384615384615