1 0.5060096153846154 0.36778846153846156 0.07692307692307693 0.04326923076923077
1 0.5060096153846154 0.4362980769230769 0.07692307692307693 0.04326923076923077
1 0.3701923076923077 0.5036057692307693 0.07211538461538461 0.038461538461538464
1 0.3713942307692308 0.5721153846153846 0.057692307692307696 0.038461538461538464
1 0.6370192307692307 0.5685096153846154 0.07451923076923077 0.040865384615384616
0 0.9014423076923077 0.3004807692307692 0.08653846153846154 0.038461538461538464
0 0.23197115384615385 0.35697115384615385 0.09615384615384616 0.04807692307692308
0 0.5024038461538461 0.5697115384615384 0.07692307692307693 0.040865384615384616
0 0.5048076923076923 0.6382211538461539 0.07692307692307693 0.038461538461538464
1 0.9110576923076923 0.7091346153846154 0.08653846153846154 0.040865384615384616
1 0.7692307692307693 0.36658653846153844 0.08413461538461539 0.038461538461538464
1 0.7680288461538461 0.4987980769230769 0.07692307692307693 0.038461538461538464
1 0.90625 0.5024038461538461 0.0673076923076923 0.03365384615384615
1 0.7740384615384616 0.640625 0.07692307692307693 0.04326923076923077
1 0.09375 0.5012019230769231 0.07211538461538461 0.04326923076923077
1 0.09495192307692307 0.7067307692307693 0.06971153846153846 0.040865384615384616
1 0.23677884615384615 0.6370192307692307 0.07692307692307693 0.04326923076923077
1 0.23677884615384615 0.5024038461538461 0.08413461538461539 0.04326923076923077
1 0.3701923076923077 0.4362980769230769 0.07211538461538461 0.038461538461538464
1 0.5024038461538461 0.3004807692307692 0.0673076923076923 0.03365384615384615