1 0.3016826923076923 0.9050480769230769 0.040865384615384616 0.07692307692307693
1 0.3713942307692308 0.7704326923076923 0.038461538461538464 0.09134615384615384
1 0.5012019230769231 0.7692307692307693 0.038461538461538464 0.07692307692307693
1 0.5721153846153846 0.6382211538461539 0.04326923076923077 0.07692307692307693
1 0.36658653846153844 0.5012019230769231 0.038461538461538464 0.06971153846153846
1 0.2980769230769231 0.5060096153846154 0.03365384615384615 0.07692307692307693
1 0.4375 0.36778846153846156 0.038461538461538464 0.09134615384615384
1 0.5048076923076923 0.3713942307692308 0.038461538461538464 0.08173076923076923
1 0.6394230769230769 0.23076923076923078 0.038461538461538464 0.0673076923076923
1 0.7055288461538461 0.09615384615384616 0.03365384615384615 0.07692307692307693
0 0.6394230769230769 0.7728365384615384 0.038461538461538464 0.07692307692307693
0 0.4375 0.5024038461538461 0.04326923076923077 0.07451923076923077
1 0.7055288461538461 0.8990384615384616 0.036057692307692304 0.07692307692307693
1 0.5036057692307693 0.9074519230769231 0.038461538461538464 0.06971153846153846