1 0.7055288461538461 0.09014423076923077 0.038461538461538464 0.08173076923076923
1 0.5048076923076923 0.9002403846153846 0.04807692307692308 0.08173076923076923
1 0.5024038461538461 0.09375 0.036057692307692304 0.06971153846153846
1 0.5036057692307693 0.23197115384615385 0.04326923076923077 0.08173076923076923
1 0.36778846153846156 0.2283653846153846 0.040865384615384616 0.07692307692307693
1 0.5733173076923077 0.359375 0.040865384615384616 0.0673076923076923
1 0.5709134615384616 0.6334134615384616 0.040865384615384616 0.07692307692307693
1 0.5024038461538461 0.6322115384615384 0.03365384615384615 0.08653846153846154
1 0.4375 0.4987980769230769 0.038461538461538464 0.08413461538461539
1 0.36899038461538464 0.4951923076923077 0.04326923076923077 0.0673076923076923
1 0.29927884615384615 0.49759615384615385 0.038461538461538464 0.08173076923076923
1 0.4362980769230769 0.6274038461538461 0.040865384615384616 0.07211538461538461
1 0.5024038461538461 0.765625 0.040865384615384616 0.08653846153846154
1 0.6394230769230769 0.7632211538461539 0.038461538461538464 0.07692307692307693
1 0.7067307692307693 0.8918269230769231 0.038461538461538464 0.11057692307692307