0 0.42788461538461536 0.4963942307692308 0.036057692307692304 0.09134615384615384
1 0.28846153846153844 0.09735576923076923 0.036057692307692304 0.08413461538461539
1 0.36177884615384615 0.22355769230769232 0.040865384615384616 0.09134615384615384
1 0.5 0.09375 0.04807692307692308 0.08173076923076923
1 0.49759615384615385 0.22716346153846154 0.040865384615384616 0.07451923076923077
1 0.6995192307692307 0.09735576923076923 0.038461538461538464 0.07692307692307693
1 0.6358173076923077 0.22716346153846154 0.04567307692307692 0.08173076923076923
1 0.43149038461538464 0.36538461538461536 0.04326923076923077 0.06971153846153846
1 0.5637019230769231 0.49278846153846156 0.038461538461538464 0.07692307692307693
1 0.6310096153846154 0.5 0.04326923076923077 0.08413461538461539
1 0.703125 0.4951923076923077 0.038461538461538464 0.09615384615384616
1 0.5625 0.6358173076923077 0.038461538461538464 0.08413461538461539
1 0.49759615384615385 0.6274038461538461 0.040865384615384616 0.07211538461538461
1 0.43028846153846156 0.6274038461538461 0.04326923076923077 0.09375
1 0.49759615384615385 0.7704326923076923 0.036057692307692304 0.08173076923076923
1 0.3605769230769231 0.7680288461538461 0.038461538461538464 0.08173076923076923
1 0.2932692307692308 0.9050480769230769 0.03365384615384615 0.07211538461538461
1 0.5 0.9086538461538461 0.038461538461538464 0.07692307692307693
0 0.2956730769230769 0.4951923076923077 0.040865384615384616 0.08653846153846154