1 0.5649038461538461 0.36177884615384615 0.038461538461538464 0.06971153846153846
1 0.5024038461538461 0.6334134615384616 0.04326923076923077 0.09134615384615384
1 0.5612980769230769 0.4951923076923077 0.03365384615384615 0.07211538461538461
1 0.6322115384615384 0.49759615384615385 0.038461538461538464 0.0673076923076923
1 0.7007211538461539 0.49278846153846156 0.038461538461538464 0.08173076923076923
1 0.5637019230769231 0.6274038461538461 0.03365384615384615 0.08413461538461539
1 0.359375 0.7668269230769231 0.038461538461538464 0.07692307692307693
1 0.2932692307692308 0.9026442307692307 0.038461538461538464 0.06971153846153846
0 0.4963942307692308 0.2283653846153846 0.038461538461538464 0.07211538461538461
0 0.43149038461538464 0.6286057692307693 0.04326923076923077 0.07451923076923077
0 0.5 0.7668269230769231 0.04326923076923077 0.09615384615384616
1 0.4987980769230769 0.09615384615384616 0.040865384615384616 0.07211538461538461
1 0.6334134615384616 0.23197115384615385 0.038461538461538464 0.08173076923076923
1 0.43149038461538464 0.3605769230769231 0.04326923076923077 0.08173076923076923
1 0.2932692307692308 0.5 0.03365384615384615 0.08173076923076923