1 0.7704326923076923 0.5024038461538461 0.09134615384615384 0.038461538461538464
1 0.23677884615384615 0.5024038461538461 0.08173076923076923 0.038461538461538464
1 0.3701923076923077 0.5024038461538461 0.08173076923076923 0.03365384615384615
1 0.37259615384615385 0.5721153846153846 0.08173076923076923 0.03365384615384615
0 0.6382211538461539 0.43990384615384615 0.08173076923076923 0.03365384615384615
0 0.5072115384615384 0.4362980769230769 0.08173076923076923 0.038461538461538464
0 0.5048076923076923 0.5685096153846154 0.0673076923076923 0.04326923076923077
1 0.23317307692307693 0.6382211538461539 0.08173076923076923 0.036057692307692304
1 0.0985576923076923 0.7079326923076923 0.08173076923076923 0.038461538461538464
1 0.6382211538461539 0.5697115384615384 0.08173076923076923 0.04326923076923077
1 0.36899038461538464 0.4375 0.07692307692307693 0.03365384615384615
1 0.5060096153846154 0.3004807692307692 0.08413461538461539 0.040865384615384616
1 0.5048076923076923 0.36778846153846156 0.07692307692307693 0.038461538461538464
1 0.7728365384615384 0.36778846153846156 0.09134615384615384 0.03365384615384615
1 0.7728365384615384 0.640625 0.07692307692307693 0.038461538461538464
1 0.9086538461538461 0.7055288461538461 0.07451923076923077 0.036057692307692304